EPOCH:0, step:0, acc_train:0.7333333333333333, acc_test:[0.508  0.599  0.656  0.693  0.6978 0.699  0.699  0.6997 0.7007 0.7007
 0.701 ], 
EPOCH:0, step:90, acc_train:0.85, acc_test:[0.478  0.713  0.7476 0.765  0.775  0.779  0.78   0.783  0.7847 0.786
 0.785 ], 
EPOCH:0, step:180, acc_train:0.8583333333333333, acc_test:[0.5034 0.7485 0.82   0.8384 0.8438 0.845  0.846  0.8457 0.845  0.847
 0.847 ], 
EPOCH:0, step:270, acc_train:0.8666666666666667, acc_test:[0.5117 0.8174 0.8574 0.8687 0.871  0.8726 0.8726 0.8735 0.8735 0.875
 0.8755], 
EPOCH:0, step:360, acc_train:0.8583333333333333, acc_test:[0.498  0.823  0.8564 0.868  0.8677 0.8755 0.877  0.8784 0.88   0.8794
 0.88  ], 
EPOCH:0, step:450, acc_train:0.7916666666666666, acc_test:[0.5283 0.8057 0.8633 0.8745 0.881  0.883  0.884  0.8857 0.8867 0.887
 0.8867], 
EPOCH:0, step:630, acc_train:0.9666666666666667, acc_test:[0.485  0.8604 0.8765 0.881  0.8853 0.891  0.892  0.893  0.8936 0.8936
 0.8936], 
EPOCH:0, step:810, acc_train:0.775, acc_test:[0.501  0.875  0.892  0.8965 0.8984 0.8984 0.8984 0.8994 0.899  0.8994
 0.9004], 
EPOCH:0, step:1080, acc_train:0.9833333333333333, acc_test:[0.496  0.881  0.8926 0.8965 0.8994 0.9004 0.902  0.903  0.904  0.904
 0.905 ], 
EPOCH:0, step:1170, acc_train:0.8583333333333333, acc_test:[0.479  0.8774 0.8994 0.901  0.904  0.905  0.9053 0.906  0.907  0.907
 0.9067], 
EPOCH:0, step:1260, acc_train:0.8916666666666667, acc_test:[0.4893 0.884  0.904  0.905  0.9077 0.9087 0.9106 0.911  0.912  0.9136
 0.9136], 
EPOCH:0, step:1350, acc_train:0.9583333333333334, acc_test:[0.5015 0.8965 0.9    0.908  0.91   0.9116 0.912  0.9136 0.9146 0.9155
 0.9155], 
EPOCH:0, step:1440, acc_train:0.9083333333333333, acc_test:[0.4983 0.902  0.909  0.912  0.9146 0.9155 0.9155 0.918  0.919  0.92
 0.921 ], 
EPOCH:0, step:2070, acc_train:0.8666666666666667, acc_test:[0.518  0.901  0.9165 0.9185 0.9204 0.9194 0.9194 0.9204 0.921  0.922
 0.924 ], 
EPOCH:0, step:2160, acc_train:0.9416666666666667, acc_test:[0.5063 0.9062 0.913  0.922  0.924  0.9253 0.9272 0.9263 0.927  0.927
 0.927 ], 
EPOCH:0, step:2340, acc_train:0.8, acc_test:[0.489  0.91   0.919  0.921  0.9243 0.924  0.927  0.927  0.9277 0.9287
 0.9272], 
EPOCH:0, step:2430, acc_train:0.9083333333333333, acc_test:[0.4927 0.9185 0.93   0.931  0.931  0.9316 0.933  0.9336 0.934  0.9355
 0.9355], 
EPOCH:1, step:180, acc_train:0.9416666666666667, acc_test:[0.53   0.9365 0.9375 0.944  0.945  0.9453 0.9463 0.9473 0.947  0.948
 0.948 ], 
EPOCH:1, step:1080, acc_train:0.9833333333333333, acc_test:[0.511  0.9487 0.952  0.9536 0.954  0.955  0.955  0.9556 0.9556 0.9556
 0.956 ], 
EPOCH:2, step:630, acc_train:0.975, acc_test:[0.5234 0.9556 0.9565 0.957  0.959  0.958  0.9585 0.9585 0.9595 0.9604
 0.9604], 
EPOCH:2, step:1350, acc_train:0.9666666666666667, acc_test:[0.563  0.9517 0.957  0.9585 0.9585 0.9585 0.9585 0.9595 0.9595 0.9595
 0.961 ], 
EPOCH:2, step:2070, acc_train:0.9666666666666667, acc_test:[0.4714 0.9585 0.958  0.96   0.961  0.9614 0.9614 0.961  0.9614 0.9614
 0.9614], 
EPOCH:2, step:2250, acc_train:1.0, acc_test:[0.5425 0.9575 0.961  0.9634 0.964  0.9644 0.9644 0.965  0.965  0.965
 0.965 ], 
EPOCH:3, step:1080, acc_train:0.975, acc_test:[0.5596 0.9556 0.961  0.963  0.9634 0.9644 0.965  0.9653 0.966  0.966
 0.967 ], 
EPOCH:3, step:2340, acc_train:0.975, acc_test:[0.572  0.963  0.967  0.9673 0.9683 0.9673 0.968  0.968  0.9683 0.9688
 0.9683], 
EPOCH:4, step:720, acc_train:0.9833333333333333, acc_test:[0.454  0.965  0.9673 0.968  0.968  0.969  0.9683 0.9683 0.9683 0.9683
 0.9688], 
EPOCH:4, step:2160, acc_train:0.9916666666666667, acc_test:[0.5186 0.9644 0.9673 0.968  0.9683 0.9683 0.969  0.9697 0.9697 0.9697
 0.969 ], 
EPOCH:5, step:90, acc_train:0.9833333333333333, acc_test:[0.4907 0.9683 0.971  0.971  0.972  0.972  0.972  0.973  0.973  0.9736
 0.9736], 
EPOCH:5, step:180, acc_train:0.9416666666666667, acc_test:[0.4937 0.968  0.971  0.972  0.973  0.9736 0.9736 0.9736 0.9736 0.9736
 0.974 ], 
