EPOCH:0, step:0, acc_train:0.6, acc_test:[0.4966 0.61   0.6567 0.678  0.68   0.681  0.6826 0.682  0.682  0.6846
 0.685 ], 
EPOCH:0, step:90, acc_train:0.7833333333333333, acc_test:[0.519  0.7085 0.7437 0.756  0.766  0.7705 0.7725 0.7754 0.778  0.779
 0.7803], 
EPOCH:0, step:180, acc_train:0.8416666666666667, acc_test:[0.53   0.766  0.7944 0.8013 0.8047 0.8086 0.811  0.8115 0.814  0.8154
 0.816 ], 
EPOCH:0, step:270, acc_train:0.8916666666666667, acc_test:[0.504  0.758  0.8076 0.8306 0.834  0.835  0.837  0.838  0.84   0.842
 0.843 ], 
EPOCH:0, step:360, acc_train:0.8833333333333333, acc_test:[0.5317 0.805  0.838  0.852  0.855  0.8564 0.8564 0.8564 0.858  0.8594
 0.8613], 
EPOCH:0, step:450, acc_train:0.8083333333333333, acc_test:[0.508  0.8354 0.8604 0.8667 0.872  0.873  0.8726 0.871  0.872  0.8726
 0.873 ], 
EPOCH:0, step:540, acc_train:0.9666666666666667, acc_test:[0.4883 0.846  0.8667 0.871  0.8726 0.8726 0.8726 0.874  0.8745 0.878
 0.8804], 
EPOCH:0, step:630, acc_train:0.9666666666666667, acc_test:[0.5215 0.864  0.8813 0.8887 0.889  0.89   0.8926 0.892  0.892  0.893
 0.894 ], 
EPOCH:0, step:720, acc_train:0.95, acc_test:[0.4746 0.885  0.8945 0.9004 0.902  0.9014 0.9023 0.904  0.905  0.905
 0.9053], 
EPOCH:0, step:810, acc_train:0.7916666666666666, acc_test:[0.513  0.881  0.9033 0.907  0.909  0.911  0.9116 0.912  0.9126 0.913
 0.9136], 
EPOCH:0, step:990, acc_train:0.8333333333333334, acc_test:[0.505  0.8784 0.901  0.9106 0.91   0.9136 0.9146 0.915  0.916  0.917
 0.9165], 
EPOCH:0, step:1080, acc_train:0.9916666666666667, acc_test:[0.4998 0.903  0.909  0.9146 0.917  0.918  0.92   0.921  0.9214 0.923
 0.922 ], 
EPOCH:0, step:1170, acc_train:0.9166666666666666, acc_test:[0.5146 0.9067 0.9136 0.917  0.9175 0.921  0.9214 0.922  0.923  0.923
 0.9224], 
EPOCH:0, step:1260, acc_train:0.925, acc_test:[0.495  0.9106 0.9185 0.9277 0.9297 0.929  0.9297 0.9297 0.93   0.93
 0.93  ], 
EPOCH:0, step:1620, acc_train:0.9416666666666667, acc_test:[0.503  0.92   0.929  0.931  0.932  0.934  0.9346 0.935  0.9355 0.9346
 0.935 ], 
EPOCH:0, step:1710, acc_train:0.9583333333333334, acc_test:[0.4836 0.922  0.931  0.9355 0.936  0.936  0.9365 0.9365 0.9365 0.9365
 0.9365], 
EPOCH:0, step:1800, acc_train:0.9583333333333334, acc_test:[0.4966 0.924  0.9326 0.9365 0.937  0.938  0.9404 0.94   0.9404 0.94
 0.9395], 
EPOCH:0, step:1980, acc_train:0.7916666666666666, acc_test:[0.4773 0.9316 0.9404 0.9404 0.9395 0.9404 0.941  0.9404 0.94   0.9404
 0.9404], 
EPOCH:0, step:2160, acc_train:0.9583333333333334, acc_test:[0.4966 0.9155 0.934  0.9365 0.939  0.941  0.9414 0.942  0.9424 0.9434
 0.944 ], 
EPOCH:0, step:2250, acc_train:0.9833333333333333, acc_test:[0.5054 0.9194 0.935  0.9395 0.941  0.9424 0.943  0.944  0.944  0.9443
 0.945 ], 
EPOCH:1, step:270, acc_train:0.975, acc_test:[0.497  0.9443 0.948  0.95   0.9526 0.953  0.9536 0.9546 0.954  0.955
 0.955 ], 
EPOCH:1, step:720, acc_train:0.875, acc_test:[0.4763 0.95   0.9546 0.9556 0.9565 0.9565 0.9575 0.9575 0.958  0.958
 0.958 ], 
EPOCH:1, step:1170, acc_train:1.0, acc_test:[0.504  0.95   0.9585 0.959  0.9575 0.9585 0.9585 0.9585 0.9585 0.9585
 0.9595], 
EPOCH:1, step:1530, acc_train:0.975, acc_test:[0.4983 0.9517 0.9595 0.9604 0.9614 0.9614 0.9614 0.962  0.963  0.963
 0.9624], 
EPOCH:1, step:1890, acc_train:0.9833333333333333, acc_test:[0.489  0.952  0.96   0.9624 0.962  0.9624 0.962  0.962  0.962  0.963
 0.963 ], 
EPOCH:1, step:2250, acc_train:0.9833333333333333, acc_test:[0.5083 0.959  0.966  0.965  0.9653 0.966  0.966  0.9653 0.966  0.966
 0.966 ], 
EPOCH:1, step:2340, acc_train:1.0, acc_test:[0.494  0.9595 0.969  0.969  0.969  0.97   0.97   0.97   0.97   0.97
 0.97  ], 
EPOCH:2, step:450, acc_train:0.9916666666666667, acc_test:[0.505  0.9683 0.969  0.97   0.97   0.97   0.97   0.97   0.97   0.97
 0.971 ], 
EPOCH:2, step:1530, acc_train:0.9583333333333334, acc_test:[0.458  0.9697 0.972  0.972  0.972  0.9717 0.972  0.972  0.972  0.972
 0.9727], 
EPOCH:2, step:2070, acc_train:0.975, acc_test:[0.508  0.973  0.9736 0.974  0.974  0.974  0.975  0.975  0.9756 0.976
 0.976 ], 
EPOCH:3, step:180, acc_train:0.9916666666666667, acc_test:[0.5024 0.9756 0.975  0.975  0.976  0.976  0.976  0.976  0.9766 0.9766
 0.977 ], 
EPOCH:3, step:720, acc_train:0.9833333333333333, acc_test:[0.507  0.9727 0.9756 0.9766 0.977  0.9775 0.9775 0.9775 0.9775 0.978
 0.978 ], 
EPOCH:3, step:900, acc_train:0.975, acc_test:[0.489  0.977  0.9795 0.9795 0.9795 0.9795 0.9795 0.9795 0.9795 0.98
 0.98  ], 
EPOCH:4, step:450, acc_train:0.9833333333333333, acc_test:[0.52   0.9785 0.9805 0.9805 0.9805 0.98   0.98   0.9805 0.9805 0.9805
 0.9805], 
EPOCH:4, step:1350, acc_train:0.9916666666666667, acc_test:[0.504  0.9785 0.9795 0.9795 0.9805 0.9805 0.9805 0.9805 0.9805 0.9805
 0.981 ], 
EPOCH:4, step:1440, acc_train:0.975, acc_test:[0.505  0.9805 0.981  0.982  0.982  0.9824 0.983  0.983  0.983  0.983
 0.983 ], 
EPOCH:5, step:270, acc_train:0.9833333333333333, acc_test:[0.5156 0.9834 0.9834 0.984  0.984  0.984  0.984  0.984  0.984  0.984
 0.984 ], 
EPOCH:5, step:540, acc_train:0.9833333333333333, acc_test:[0.5234 0.984  0.983  0.983  0.9834 0.984  0.9844 0.9844 0.985  0.985
 0.986 ], 
